NRO_CLIENTE,MONTO,FECHA,TIPO_OPERACION
100000,269.51,2026-05-10,DEP
100000,81.21,2026-05-10,PAG
100001,63.27,2026-05-10,RET
100002,38.17,2026-05-10,RET
100002,22.58,2026-05-10,PAG
100003,83.48,2026-05-10,PAG
100004,166.65,2026-05-10,PAG
100004,300.0,2026-05-10,DEP
100005,127.91,2026-05-10,PAG
100005,143.52,2026-05-10,RET
100006,189.17,2026-05-10,PAG
100006,39.01,2026-05-10,RET
100007,39.82,2026-05-10,DEP
100007,77.09,2026-05-10,DEP
100008,78.34,2026-05-10,PAG
100009,252.52,2026-05-10,DEP
100009,307.86,2026-05-10,DEP
100010,90.92,2026-05-10,RET
100010,186.84,2026-05-10,PAG
100011,377.58,2026-05-10,RET
100012,335.74,2026-05-10,PAG
100013,377.35,2026-05-10,DEP
100013,300.23,2026-05-10,PAG
100014,57.43,2026-05-10,DEP
100014,154.83,2026-05-10,RET
100015,75.31,2026-05-10,DEP
100015,228.19,2026-05-10,RET
100016,94.25,2026-05-10,DEP
100016,112.76,2026-05-10,DEP
100017,74.96,2026-05-10,RET
100017,107.44,2026-05-10,RET
100017,109.5,2026-05-10,RET
100018,145.29,2026-05-10,RET
100019,142.8,2026-05-10,PAG
100019,211.6,2026-05-10,PAG
100020,276.38,2026-05-10,DEP
100020,19.51,2026-05-10,PAG
100021,157.34,2026-05-10,PAG
100022,229.64,2026-05-10,PAG
100022,176.37,2026-05-10,PAG
100023,325.31,2026-05-10,RET
100024,86.94,2026-05-10,PAG
100025,387.55,2026-05-10,PAG
100026,332.79,2026-05-10,RET
100026,40.85,2026-05-10,DEP
100027,106.99,2026-05-10,RET
100028,108.03,2026-05-10,DEP
100029,209.23,2026-05-10,PAG
100029,78.64,2026-05-10,DEP
100030,189.56,2026-05-10,RET
100031,152.05,2026-05-10,RET
100032,265.03,2026-05-10,DEP
100032,132.34,2026-05-10,DEP
100032,253.64,2026-05-10,DEP
100033,67.71,2026-05-10,RET
100033,137.21,2026-05-10,PAG
100034,361.68,2026-05-10,DEP
100034,365.69,2026-05-10,RET
100035,69.28,2026-05-10,PAG
100036,78.53,2026-05-10,DEP
100037,178.41,2026-05-10,PAG
100038,185.3,2026-05-10,PAG
100039,279.33,2026-05-10,PAG
100040,162.74,2026-05-10,DEP
100040,104.77,2026-05-10,RET
100041,242.37,2026-05-10,RET
100041,273.03,2026-05-10,RET
100042,20.85,2026-05-10,DEP
100043,306.45,2026-05-10,PAG
100043,47.6,2026-05-10,RET
100044,310.76,2026-05-10,PAG
100044,163.3,2026-05-10,DEP
100045,69.79,2026-05-10,DEP
100045,369.33,2026-05-10,PAG
100046,386.27,2026-05-10,PAG
100047,83.39,2026-05-10,PAG
100047,301.98,2026-05-10,DEP
100048,267.05,2026-05-10,DEP
100048,388.28,2026-05-10,RET
100049,318.18,2026-05-10,DEP
100050,321.59,2026-05-10,RET
100051,161.42,2026-05-10,RET
100052,5.33,2026-05-10,DEP
100053,84.16,2026-05-10,DEP
100053,124.01,2026-05-10,DEP
100054,77.91,2026-05-10,DEP
100055,177.44,2026-05-10,PAG
100056,101.67,2026-05-10,PAG
100057,224.36,2026-05-10,RET
100057,6.95,2026-05-10,DEP
100058,141.16,2026-05-10,RET
100059,222.18,2026-05-10,RET
100060,281.02,2026-05-10,RET
100060,269.03,2026-05-10,RET
100061,283.96,2026-05-10,DEP
100062,158.09,2026-05-10,RET
100063,306.4,2026-05-10,DEP
100063,162.95,2026-05-10,RET
100064,359.72,2026-05-10,PAG
100065,293.5,2026-05-10,RET
100065,240.79,2026-05-10,PAG
100066,33.3,2026-05-10,RET
100067,269.6,2026-05-10,PAG
100068,15.62,2026-05-10,PAG
100068,75.37,2026-05-10,DEP
100069,150.81,2026-05-10,RET
100069,203.08,2026-05-10,DEP
100070,246.17,2026-05-10,RET
100071,366.26,2026-05-10,PAG
100072,95.88,2026-05-10,RET
100072,79.25,2026-05-10,DEP
100073,124.27,2026-05-10,DEP
100073,139.14,2026-05-10,PAG
100074,76.05,2026-05-10,DEP
100075,117.56,2026-05-10,RET
100075,271.73,2026-05-10,RET
100076,18.76,2026-05-10,RET
100076,75.91,2026-05-10,RET
100077,274.52,2026-05-10,DEP
100078,188.64,2026-05-10,DEP
100079,141.78,2026-05-10,PAG
100080,45.06,2026-05-10,RET
100080,322.4,2026-05-10,DEP
100081,68.55,2026-05-10,DEP
100081,232.0,2026-05-10,RET
100082,276.09,2026-05-10,DEP
100083,197.03,2026-05-10,PAG
100083,163.67,2026-05-10,DEP
100084,124.67,2026-05-10,RET
100084,298.12,2026-05-10,DEP
100085,243.44,2026-05-10,RET
100086,203.31,2026-05-10,RET
100087,286.25,2026-05-10,PAG
100087,388.85,2026-05-10,DEP
100088,315.27,2026-05-10,RET
100088,215.03,2026-05-10,RET
100089,348.77,2026-05-10,DEP
100089,64.4,2026-05-10,RET
100090,379.54,2026-05-10,PAG
100091,238.11,2026-05-10,DEP
100091,208.38,2026-05-10,PAG
100092,292.41,2026-05-10,RET
100093,176.78,2026-05-10,RET
100094,116.28,2026-05-10,DEP
100094,347.82,2026-05-10,RET
100095,150.01,2026-05-10,PAG
100095,276.12,2026-05-10,RET
100096,173.15,2026-05-10,PAG
100097,121.98,2026-05-10,DEP
100098,219.39,2026-05-10,DEP
100098,120.83,2026-05-10,RET
100099,11.92,2026-05-10,RET
100100,122.58,2026-05-10,DEP
100100,240.33,2026-05-10,RET
100101,294.1,2026-05-10,PAG
100102,296.78,2026-05-10,DEP
100102,74.22,2026-05-10,PAG
100103,42.36,2026-05-10,PAG
100104,62.13,2026-05-10,RET
100105,175.28,2026-05-10,RET
100106,141.43,2026-05-10,RET
100106,277.15,2026-05-10,DEP
100107,367.92,2026-05-10,PAG
100108,329.09,2026-05-10,PAG
100109,186.08,2026-05-10,DEP
100109,134.0,2026-05-10,DEP
100110,62.97,2026-05-10,PAG
100110,256.94,2026-05-10,DEP
100111,155.86,2026-05-10,PAG
100111,36.11,2026-05-10,PAG
100112,300.96,2026-05-10,RET
100112,163.29,2026-05-10,DEP
100113,380.39,2026-05-10,RET
100113,290.03,2026-05-10,PAG
100114,353.76,2026-05-10,RET
100114,386.24,2026-05-10,DEP
100115,230.5,2026-05-10,RET
100116,248.15,2026-05-10,PAG
100116,342.43,2026-05-10,DEP
100117,279.23,2026-05-10,DEP
100118,152.82,2026-05-10,RET
100118,90.01,2026-05-10,RET
100119,113.54,2026-05-10,PAG
100120,312.43,2026-05-10,RET
100120,203.12,2026-05-10,DEP
100121,243.83,2026-05-10,DEP
100122,272.89,2026-05-10,RET
100122,7.0,2026-05-10,DEP
100123,12.39,2026-05-10,RET
100124,264.6,2026-05-10,RET
100125,110.49,2026-05-10,PAG
100126,317.15,2026-05-10,PAG
100127,130.67,2026-05-10,DEP
100128,93.81,2026-05-10,PAG
100129,133.22,2026-05-10,DEP
100129,246.5,2026-05-10,PAG
100130,286.25,2026-05-10,RET
100130,237.23,2026-05-10,PAG
100131,240.12,2026-05-10,PAG
100132,158.67,2026-05-10,PAG
100133,9.96,2026-05-10,RET
100133,131.26,2026-05-10,RET
100134,64.95,2026-05-10,PAG
100135,202.09,2026-05-10,PAG
100136,280.6,2026-05-10,PAG
100136,159.07,2026-05-10,RET
100137,17.75,2026-05-10,PAG
100138,387.25,2026-05-10,PAG
100138,197.18,2026-05-10,RET
100138,37.82,2026-05-10,PAG
100139,394.02,2026-05-10,RET
100139,125.09,2026-05-10,RET
100139,183.34,2026-05-10,RET
100140,16.68,2026-05-10,PAG
100141,236.05,2026-05-10,PAG
100142,143.89,2026-05-10,RET
100143,169.08,2026-05-10,DEP
100144,301.8,2026-05-10,RET
100145,224.79,2026-05-10,RET
100146,395.92,2026-05-10,RET
100147,368.86,2026-05-10,DEP
100147,154.48,2026-05-10,DEP
100148,43.31,2026-05-10,DEP
100148,88.47,2026-05-10,DEP
100149,230.44,2026-05-10,DEP
100149,346.63,2026-05-10,PAG
100150,391.66,2026-05-10,PAG
100150,166.36,2026-05-10,DEP
100151,170.18,2026-05-10,PAG
100152,115.16,2026-05-10,RET
100152,253.96,2026-05-10,PAG
100152,354.48,2026-05-10,PAG
100153,305.89,2026-05-10,RET
100153,203.41,2026-05-10,PAG
100153,159.91,2026-05-10,RET
100154,200.46,2026-05-10,RET
100154,118.08,2026-05-10,RET
100155,67.0,2026-05-10,DEP
100155,163.02,2026-05-10,DEP
100156,215.4,2026-05-10,RET
100157,306.36,2026-05-10,PAG
100157,73.05,2026-05-10,DEP
100158,156.42,2026-05-10,PAG
100158,170.15,2026-05-10,RET
100159,167.07,2026-05-10,PAG
100159,16.47,2026-05-10,DEP
100159,59.74,2026-05-10,PAG
100159,203.83,2026-05-10,DEP
100160,241.83,2026-05-10,PAG
100161,166.47,2026-05-10,DEP
100162,133.38,2026-05-10,DEP
100163,70.75,2026-05-10,PAG
100164,191.41,2026-05-10,DEP
100165,380.98,2026-05-10,DEP
100165,298.47,2026-05-10,PAG
100166,158.79,2026-05-10,PAG
100167,346.06,2026-05-10,DEP
100167,185.82,2026-05-10,PAG
100168,350.49,2026-05-10,DEP
100168,191.51,2026-05-10,PAG
100169,368.95,2026-05-10,RET
100170,57.4,2026-05-10,DEP
100171,358.31,2026-05-10,DEP
100172,233.15,2026-05-10,RET
100172,101.79,2026-05-10,PAG
100173,180.24,2026-05-10,DEP
100174,319.72,2026-05-10,RET
100175,202.58,2026-05-10,DEP
100176,322.46,2026-05-10,RET
100176,349.47,2026-05-10,DEP
100177,101.72,2026-05-10,PAG
100177,385.18,2026-05-10,DEP
100178,300.7,2026-05-10,PAG
100179,272.36,2026-05-10,PAG
100180,398.24,2026-05-10,RET
100180,32.79,2026-05-10,RET
100181,383.24,2026-05-10,PAG
100182,217.25,2026-05-10,PAG
100182,311.76,2026-05-10,PAG
100183,395.74,2026-05-10,PAG
100184,14.37,2026-05-10,RET
100184,331.96,2026-05-10,DEP
100185,120.72,2026-05-10,RET
100185,332.18,2026-05-10,PAG
100186,308.66,2026-05-10,RET
100186,162.77,2026-05-10,PAG
100186,253.56,2026-05-10,RET
100187,174.29,2026-05-10,DEP
100187,45.93,2026-05-10,RET
100188,304.39,2026-05-10,PAG
100188,302.66,2026-05-10,DEP
100189,290.19,2026-05-10,RET
100189,168.09,2026-05-10,RET
100190,61.07,2026-05-10,DEP
100191,319.24,2026-05-10,DEP
100191,109.48,2026-05-10,RET
100192,258.6,2026-05-10,DEP
100192,186.01,2026-05-10,PAG
100193,199.17,2026-05-10,DEP
100194,304.01,2026-05-10,RET
100195,121.64,2026-05-10,RET
100195,135.61,2026-05-10,RET
100196,281.33,2026-05-10,PAG
100196,113.74,2026-05-10,DEP
100197,305.72,2026-05-10,DEP
100198,211.1,2026-05-10,DEP
100198,92.3,2026-05-10,RET
100198,227.6,2026-05-10,PAG
100199,120.03,2026-05-10,PAG
100199,67.53,2026-05-10,PAG
100200,125.37,2026-05-10,PAG
100200,178.75,2026-05-10,RET
100201,66.0,2026-05-10,PAG
100201,55.78,2026-05-10,PAG
100202,120.47,2026-05-10,RET
100203,106.64,2026-05-10,DEP
100204,16.06,2026-05-10,DEP
100204,235.38,2026-05-10,DEP
100205,235.77,2026-05-10,RET
100205,148.84,2026-05-10,PAG
100206,299.46,2026-05-10,PAG
100206,165.31,2026-05-10,PAG
100207,360.5,2026-05-10,RET
100207,259.32,2026-05-10,PAG
100208,341.78,2026-05-10,RET
100209,211.72,2026-05-10,RET
100209,346.84,2026-05-10,RET
100210,261.11,2026-05-10,PAG
100210,195.41,2026-05-10,RET
100211,359.37,2026-05-10,DEP
100212,269.15,2026-05-10,DEP
100213,140.23,2026-05-10,RET
100214,86.54,2026-05-10,DEP
100214,114.93,2026-05-10,PAG
100215,316.76,2026-05-10,PAG
100215,82.79,2026-05-10,RET
100215,186.43,2026-05-10,PAG
100216,362.99,2026-05-10,PAG
100217,339.07,2026-05-10,PAG
100218,359.76,2026-05-10,PAG
100219,85.0,2026-05-10,PAG
100219,17.97,2026-05-10,PAG
100220,44.04,2026-05-10,RET
100221,205.43,2026-05-10,RET
100222,223.55,2026-05-10,PAG
100222,339.41,2026-05-10,PAG
100223,349.68,2026-05-10,DEP
100223,181.42,2026-05-10,PAG
100224,102.95,2026-05-10,RET
100224,319.92,2026-05-10,DEP
100224,277.43,2026-05-10,PAG
100225,343.72,2026-05-10,DEP
100225,277.41,2026-05-10,RET
100226,75.09,2026-05-10,PAG
100227,109.98,2026-05-10,RET
100227,41.09,2026-05-10,DEP
100227,294.67,2026-05-10,DEP
100228,362.93,2026-05-10,DEP
100229,211.41,2026-05-10,DEP
100229,87.05,2026-05-10,DEP
100230,236.34,2026-05-10,PAG
100230,193.53,2026-05-10,DEP
100231,217.09,2026-05-10,DEP
100232,130.95,2026-05-10,PAG
100233,33.86,2026-05-10,RET
100234,50.98,2026-05-10,DEP
100235,193.03,2026-05-10,DEP
100235,219.24,2026-05-10,DEP
100236,241.33,2026-05-10,RET
100237,229.89,2026-05-10,PAG
100238,174.75,2026-05-10,DEP
100239,289.39,2026-05-10,RET
100239,312.07,2026-05-10,DEP
100240,237.63,2026-05-10,PAG
100240,247.69,2026-05-10,RET
100241,396.93,2026-05-10,RET
100242,303.05,2026-05-10,PAG
100242,111.94,2026-05-10,PAG
100243,74.73,2026-05-10,PAG
100243,195.9,2026-05-10,RET
100244,380.82,2026-05-10,RET
100244,109.36,2026-05-10,PAG
100245,103.36,2026-05-10,RET
100246,272.75,2026-05-10,PAG
100246,126.98,2026-05-10,RET
100247,49.03,2026-05-10,DEP
100247,197.59,2026-05-10,RET
100248,357.88,2026-05-10,PAG
100249,190.85,2026-05-10,DEP
100250,75.62,2026-05-10,RET
100250,270.83,2026-05-10,DEP
100251,370.49,2026-05-10,RET
100251,140.26,2026-05-10,PAG
100252,217.74,2026-05-10,DEP
100253,81.47,2026-05-10,DEP
100253,306.33,2026-05-10,DEP
100254,126.34,2026-05-10,RET
100254,131.41,2026-05-10,PAG
100255,191.39,2026-05-10,PAG
100256,123.52,2026-05-10,PAG
100256,88.07,2026-05-10,PAG
100257,66.07,2026-05-10,DEP
100257,80.8,2026-05-10,RET
100258,315.4,2026-05-10,DEP
100259,246.0,2026-05-10,DEP
100259,133.64,2026-05-10,PAG
100260,392.56,2026-05-10,PAG
100260,240.12,2026-05-10,RET
100261,313.0,2026-05-10,RET
100261,95.35,2026-05-10,RET
100262,191.43,2026-05-10,RET
100262,151.46,2026-05-10,RET
100263,136.82,2026-05-10,RET
100263,332.55,2026-05-10,RET
100263,182.63,2026-05-10,RET
100264,227.5,2026-05-10,RET
100264,7.24,2026-05-10,RET
100265,26.85,2026-05-10,RET
100266,144.68,2026-05-10,DEP
100266,390.12,2026-05-10,RET
100267,12.69,2026-05-10,PAG
100267,84.87,2026-05-10,PAG
100268,288.09,2026-05-10,RET
100268,333.86,2026-05-10,DEP
100269,132.13,2026-05-10,RET
100269,133.65,2026-05-10,PAG
100270,296.91,2026-05-10,DEP
100270,248.93,2026-05-10,RET
100271,343.28,2026-05-10,DEP
100271,34.4,2026-05-10,DEP
100272,133.57,2026-05-10,RET
100272,376.89,2026-05-10,PAG
100272,190.6,2026-05-10,DEP
100273,313.59,2026-05-10,RET
100273,276.68,2026-05-10,PAG
100274,197.38,2026-05-10,RET
100275,394.84,2026-05-10,PAG
100275,153.13,2026-05-10,DEP
100276,27.17,2026-05-10,RET
100276,114.04,2026-05-10,RET
100277,178.06,2026-05-10,RET
100278,48.86,2026-05-10,DEP
100279,352.94,2026-05-10,DEP
100280,133.2,2026-05-10,PAG
100280,168.44,2026-05-10,DEP
100281,350.21,2026-05-10,PAG
100282,123.05,2026-05-10,DEP
100283,226.93,2026-05-10,RET
100283,101.86,2026-05-10,PAG
100284,220.9,2026-05-10,PAG
100284,107.98,2026-05-10,PAG
100285,327.84,2026-05-10,PAG
100285,13.63,2026-05-10,DEP
100286,348.94,2026-05-10,PAG
100286,286.0,2026-05-10,RET
100287,383.09,2026-05-10,RET
100287,362.52,2026-05-10,RET
100287,300.17,2026-05-10,DEP
100288,77.74,2026-05-10,RET
100288,94.93,2026-05-10,RET
100289,136.54,2026-05-10,PAG
100289,388.72,2026-05-10,RET
100290,105.87,2026-05-10,PAG
100290,373.41,2026-05-10,DEP
100291,52.08,2026-05-10,RET
100291,173.8,2026-05-10,RET
100292,320.25,2026-05-10,PAG
100293,28.81,2026-05-10,PAG
100294,152.52,2026-05-10,PAG
100294,177.7,2026-05-10,DEP
100295,384.12,2026-05-10,RET
100296,317.1,2026-05-10,RET
100297,116.65,2026-05-10,RET
100298,255.58,2026-05-10,PAG
100299,34.84,2026-05-10,DEP
100299,389.82,2026-05-10,DEP
100300,215.05,2026-05-10,PAG
100301,339.29,2026-05-10,DEP
100301,231.7,2026-05-10,RET
100302,245.96,2026-05-10,DEP
100302,302.0,2026-05-10,PAG
100303,175.22,2026-05-10,RET
100303,188.96,2026-05-10,PAG
100304,65.12,2026-05-10,RET
100305,33.85,2026-05-10,PAG
100306,232.21,2026-05-10,RET
100306,213.45,2026-05-10,PAG
100307,297.09,2026-05-10,RET
100307,356.31,2026-05-10,RET
100308,232.02,2026-05-10,DEP
100309,251.36,2026-05-10,RET
100309,12.45,2026-05-10,DEP
100310,132.34,2026-05-10,DEP
100310,107.25,2026-05-10,DEP
100311,235.83,2026-05-10,RET
100311,215.28,2026-05-10,PAG
100312,267.83,2026-05-10,PAG
100312,370.52,2026-05-10,PAG
100313,347.56,2026-05-10,DEP
100313,79.59,2026-05-10,DEP
100313,86.43,2026-05-10,DEP
100314,44.85,2026-05-10,PAG
100315,242.76,2026-05-10,DEP
100316,312.89,2026-05-10,PAG
100316,142.67,2026-05-10,DEP
100317,134.35,2026-05-10,RET
100317,371.74,2026-05-10,PAG
100318,87.48,2026-05-10,RET
100319,69.5,2026-05-10,RET
100319,97.03,2026-05-10,DEP
100319,310.08,2026-05-10,DEP
100320,59.24,2026-05-10,RET
100321,53.63,2026-05-10,RET
100321,15.04,2026-05-10,PAG
100322,342.4,2026-05-10,DEP
100323,155.26,2026-05-10,RET
100324,178.23,2026-05-10,DEP
100324,86.22,2026-05-10,RET
100325,238.14,2026-05-10,DEP
100325,41.68,2026-05-10,DEP
100326,205.15,2026-05-10,PAG
100326,291.18,2026-05-10,DEP
100326,69.34,2026-05-10,DEP
100327,52.54,2026-05-10,RET
100328,297.55,2026-05-10,RET
100328,301.12,2026-05-10,RET
100329,168.98,2026-05-10,DEP
100329,394.14,2026-05-10,PAG
100330,147.14,2026-05-10,RET
100331,205.95,2026-05-10,RET
100332,11.38,2026-05-10,RET
100333,322.35,2026-05-10,RET
100334,384.82,2026-05-10,DEP
100335,145.1,2026-05-10,RET
100336,335.43,2026-05-10,RET
100336,378.65,2026-05-10,PAG
100336,123.77,2026-05-10,PAG
100337,38.36,2026-05-10,PAG
100337,325.02,2026-05-10,RET
100338,11.26,2026-05-10,RET
100338,293.2,2026-05-10,RET
100339,22.92,2026-05-10,DEP
100340,75.06,2026-05-10,DEP
100340,55.54,2026-05-10,DEP
100341,60.39,2026-05-10,RET
100342,306.1,2026-05-10,DEP
100342,240.5,2026-05-10,DEP
100343,347.21,2026-05-10,PAG
100344,120.77,2026-05-10,PAG
100345,168.88,2026-05-10,DEP
100346,170.6,2026-05-10,DEP
100347,374.84,2026-05-10,DEP
100347,298.08,2026-05-10,PAG
100348,76.74,2026-05-10,DEP
100349,315.69,2026-05-10,DEP
100350,201.53,2026-05-10,RET
100351,164.44,2026-05-10,RET
100351,364.05,2026-05-10,RET
100352,250.66,2026-05-10,DEP
100353,314.39,2026-05-10,RET
100353,16.26,2026-05-10,RET
100354,18.52,2026-05-10,DEP
100354,365.86,2026-05-10,DEP
100355,218.09,2026-05-10,PAG
100355,290.4,2026-05-10,DEP
100356,67.48,2026-05-10,DEP
100356,142.72,2026-05-10,DEP
100357,41.39,2026-05-10,DEP
100357,49.4,2026-05-10,RET
100358,188.45,2026-05-10,RET
100358,343.18,2026-05-10,PAG
100359,178.96,2026-05-10,PAG
100360,324.72,2026-05-10,DEP
100360,128.02,2026-05-10,RET
100361,360.32,2026-05-10,RET
100361,55.64,2026-05-10,PAG
100362,218.29,2026-05-10,PAG
100362,269.03,2026-05-10,DEP
100363,193.73,2026-05-10,PAG
100364,333.28,2026-05-10,PAG
100365,82.53,2026-05-10,DEP
100366,208.32,2026-05-10,DEP
100366,94.09,2026-05-10,DEP
100367,298.56,2026-05-10,PAG
100367,164.52,2026-05-10,PAG
100367,46.57,2026-05-10,DEP
100368,104.01,2026-05-10,PAG
100369,265.45,2026-05-10,RET
100370,285.63,2026-05-10,RET
100371,269.0,2026-05-10,PAG
100372,209.18,2026-05-10,RET
100373,305.16,2026-05-10,DEP
100374,134.54,2026-05-10,RET
100375,266.17,2026-05-10,PAG
100375,295.88,2026-05-10,DEP
100376,300.43,2026-05-10,RET
100376,254.59,2026-05-10,DEP
100377,391.91,2026-05-10,DEP
100378,61.47,2026-05-10,DEP
100379,334.97,2026-05-10,DEP
100379,68.94,2026-05-10,RET
100380,9.63,2026-05-10,RET
100381,196.12,2026-05-10,RET
100382,79.16,2026-05-10,PAG
100382,165.23,2026-05-10,DEP
100383,184.01,2026-05-10,RET
100384,220.62,2026-05-10,DEP
100384,299.26,2026-05-10,PAG
100385,308.56,2026-05-10,RET
100386,138.22,2026-05-10,DEP
100386,105.84,2026-05-10,RET
100387,309.94,2026-05-10,RET
100387,266.98,2026-05-10,PAG
100388,343.2,2026-05-10,PAG
100389,108.83,2026-05-10,RET
100390,173.47,2026-05-10,DEP
100391,386.08,2026-05-10,DEP
100392,42.36,2026-05-10,RET
100392,332.88,2026-05-10,DEP
100393,222.43,2026-05-10,RET
100393,54.89,2026-05-10,RET
100394,126.28,2026-05-10,RET
100394,223.55,2026-05-10,DEP
100395,386.69,2026-05-10,PAG
100395,77.13,2026-05-10,PAG
100396,81.98,2026-05-10,PAG
100396,92.63,2026-05-10,DEP
100397,83.48,2026-05-10,PAG
100397,144.8,2026-05-10,PAG
100398,313.08,2026-05-10,PAG
100399,344.67,2026-05-10,PAG
100399,23.56,2026-05-10,PAG
100400,148.25,2026-05-10,DEP
100401,279.01,2026-05-10,PAG
100402,70.87,2026-05-10,DEP
100402,44.55,2026-05-10,DEP
100403,255.79,2026-05-10,PAG
100403,94.37,2026-05-10,PAG
100404,65.06,2026-05-10,PAG
100404,172.49,2026-05-10,DEP
100405,114.98,2026-05-10,RET
100405,122.12,2026-05-10,PAG
100405,388.94,2026-05-10,RET
100406,189.86,2026-05-10,DEP
100406,290.01,2026-05-10,RET
100406,5.14,2026-05-10,RET
100407,284.79,2026-05-10,PAG
100407,128.08,2026-05-10,PAG
100408,247.18,2026-05-10,DEP
100408,28.39,2026-05-10,RET
100409,60.42,2026-05-10,RET
100409,329.86,2026-05-10,DEP
100410,159.54,2026-05-10,DEP
100410,260.2,2026-05-10,RET
100411,238.61,2026-05-10,DEP
100412,334.56,2026-05-10,DEP
100412,94.39,2026-05-10,RET
100413,60.47,2026-05-10,RET
100413,53.77,2026-05-10,PAG
100414,236.44,2026-05-10,PAG
100415,64.98,2026-05-10,RET
100415,61.25,2026-05-10,RET
100416,305.43,2026-05-10,DEP
100417,256.52,2026-05-10,PAG
100418,127.91,2026-05-10,DEP
100419,309.8,2026-05-10,PAG
100420,191.09,2026-05-10,PAG
100421,178.12,2026-05-10,DEP
100421,218.8,2026-05-10,PAG
100422,184.48,2026-05-10,DEP
100422,352.69,2026-05-10,PAG
100423,139.84,2026-05-10,RET
100423,380.05,2026-05-10,DEP
100424,155.69,2026-05-10,RET
100424,49.57,2026-05-10,RET
100425,173.23,2026-05-10,DEP
100425,351.12,2026-05-10,PAG
100426,346.87,2026-05-10,RET
100427,304.59,2026-05-10,DEP
100428,211.52,2026-05-10,DEP
100429,399.05,2026-05-10,PAG
100430,384.1,2026-05-10,RET
100430,100.31,2026-05-10,PAG
100431,200.34,2026-05-10,PAG
100431,385.48,2026-05-10,RET
100432,27.38,2026-05-10,DEP
100432,346.74,2026-05-10,RET
100433,337.72,2026-05-10,PAG
100433,113.97,2026-05-10,RET
100434,257.9,2026-05-10,RET
100435,170.76,2026-05-10,RET
100436,393.32,2026-05-10,DEP
100437,10.11,2026-05-10,PAG
100437,323.37,2026-05-10,DEP
100438,236.38,2026-05-10,DEP
100438,238.48,2026-05-10,PAG
100439,109.97,2026-05-10,PAG
100440,197.71,2026-05-10,PAG
100440,335.78,2026-05-10,RET
100441,244.62,2026-05-10,PAG
100441,156.12,2026-05-10,PAG
100442,47.58,2026-05-10,PAG
100443,381.86,2026-05-10,PAG
100443,42.49,2026-05-10,DEP
100444,147.48,2026-05-10,PAG
100444,285.18,2026-05-10,PAG
100445,171.62,2026-05-10,RET
100446,288.72,2026-05-10,DEP
100446,142.19,2026-05-10,RET
100447,341.63,2026-05-10,PAG
100447,346.05,2026-05-10,DEP
100448,376.38,2026-05-10,PAG
100449,299.03,2026-05-10,RET
100449,269.28,2026-05-10,DEP
100450,90.34,2026-05-10,DEP
100450,14.54,2026-05-10,RET
100451,44.03,2026-05-10,RET
100452,321.75,2026-05-10,PAG
100452,185.37,2026-05-10,RET
100453,146.64,2026-05-10,PAG
100454,140.9,2026-05-10,DEP
100454,114.27,2026-05-10,DEP
100455,133.18,2026-05-10,PAG
100456,396.44,2026-05-10,RET
100457,308.6,2026-05-10,DEP
100457,87.71,2026-05-10,PAG
100458,261.07,2026-05-10,PAG
100458,163.52,2026-05-10,RET
100459,313.48,2026-05-10,DEP
100460,338.66,2026-05-10,DEP
100460,136.84,2026-05-10,PAG
100461,217.6,2026-05-10,DEP
100462,130.03,2026-05-10,RET
100462,45.01,2026-05-10,PAG
100463,40.72,2026-05-10,RET
100464,128.61,2026-05-10,RET
100465,257.59,2026-05-10,RET
100465,84.85,2026-05-10,PAG
100466,196.75,2026-05-10,RET
100467,323.33,2026-05-10,RET
100467,303.13,2026-05-10,DEP
100468,132.49,2026-05-10,DEP
100469,79.97,2026-05-10,RET
100469,363.99,2026-05-10,PAG
100470,258.71,2026-05-10,RET
100470,303.92,2026-05-10,PAG
100471,75.27,2026-05-10,PAG
100472,279.78,2026-05-10,DEP
100472,41.88,2026-05-10,PAG
100473,241.2,2026-05-10,PAG
100473,164.83,2026-05-10,RET
100474,62.58,2026-05-10,RET
100474,215.47,2026-05-10,RET
100475,57.55,2026-05-10,RET
100476,45.93,2026-05-10,PAG
100476,326.76,2026-05-10,RET
100477,247.3,2026-05-10,DEP
100477,132.92,2026-05-10,DEP
100478,179.8,2026-05-10,DEP
100479,102.13,2026-05-10,DEP
100480,268.67,2026-05-10,RET
100481,15.41,2026-05-10,DEP
100482,334.13,2026-05-10,DEP
100482,101.91,2026-05-10,DEP
100483,178.94,2026-05-10,DEP
100483,62.42,2026-05-10,RET
100484,101.25,2026-05-10,DEP
100485,343.72,2026-05-10,RET
100486,335.98,2026-05-10,RET
100487,224.75,2026-05-10,PAG
100488,80.93,2026-05-10,DEP
100489,339.92,2026-05-10,PAG
100490,162.85,2026-05-10,PAG
100490,356.0,2026-05-10,RET
100491,299.98,2026-05-10,PAG
100491,319.73,2026-05-10,RET
100492,322.35,2026-05-10,RET
100492,175.37,2026-05-10,RET
100493,360.52,2026-05-10,DEP
100493,131.46,2026-05-10,RET
100494,35.43,2026-05-10,PAG
100494,58.12,2026-05-10,PAG
100495,102.52,2026-05-10,PAG
100496,233.69,2026-05-10,DEP
100496,392.5,2026-05-10,PAG
100497,284.8,2026-05-10,PAG
100497,128.83,2026-05-10,PAG
100498,94.99,2026-05-10,RET
100498,288.44,2026-05-10,PAG
100498,390.71,2026-05-10,DEP
100499,188.79,2026-05-10,PAG
100500,335.46,2026-05-10,RET
100501,249.43,2026-05-10,RET
100501,238.47,2026-05-10,DEP
100502,381.5,2026-05-10,DEP
100503,13.74,2026-05-10,RET
100504,225.8,2026-05-10,DEP
100504,358.86,2026-05-10,RET
100505,347.69,2026-05-10,DEP
100505,30.19,2026-05-10,RET
100506,30.84,2026-05-10,PAG
100507,114.06,2026-05-10,RET
100507,379.2,2026-05-10,PAG
100508,15.89,2026-05-10,PAG
100509,198.87,2026-05-10,PAG
100509,306.92,2026-05-10,DEP
100510,394.55,2026-05-10,DEP
100511,266.41,2026-05-10,RET
100512,217.67,2026-05-10,PAG
100513,125.34,2026-05-10,DEP
100513,230.09,2026-05-10,PAG
100514,378.78,2026-05-10,DEP
100514,307.69,2026-05-10,PAG
100515,236.81,2026-05-10,DEP
100516,388.5,2026-05-10,DEP
100516,286.28,2026-05-10,RET
100517,237.04,2026-05-10,DEP
100518,247.47,2026-05-10,PAG
100519,168.42,2026-05-10,DEP
100520,294.36,2026-05-10,DEP
100520,392.01,2026-05-10,DEP
100521,335.12,2026-05-10,DEP
100521,261.52,2026-05-10,RET
100522,292.82,2026-05-10,RET
100522,40.2,2026-05-10,RET
100522,231.73,2026-05-10,PAG
100523,158.04,2026-05-10,RET
100523,155.61,2026-05-10,RET
100523,59.71,2026-05-10,RET
100524,77.28,2026-05-10,RET
100524,145.29,2026-05-10,PAG
100525,174.99,2026-05-10,RET
100526,202.37,2026-05-10,DEP
100526,107.9,2026-05-10,DEP
100527,94.52,2026-05-10,PAG
100527,255.04,2026-05-10,RET
100528,183.43,2026-05-10,DEP
100529,211.93,2026-05-10,DEP
100529,352.32,2026-05-10,DEP
100530,392.89,2026-05-10,DEP
100531,274.67,2026-05-10,DEP
100531,71.56,2026-05-10,PAG
100531,9.97,2026-05-10,RET
100532,156.98,2026-05-10,DEP
100532,321.02,2026-05-10,PAG
100533,227.53,2026-05-10,DEP
100534,382.51,2026-05-10,DEP
100534,256.41,2026-05-10,RET
100535,76.81,2026-05-10,DEP
100535,390.43,2026-05-10,DEP
100536,349.48,2026-05-10,DEP
100536,241.89,2026-05-10,PAG
100537,74.89,2026-05-10,RET
100537,284.02,2026-05-10,DEP
100538,205.39,2026-05-10,RET
100539,16.98,2026-05-10,DEP
100540,374.44,2026-05-10,DEP
100540,323.85,2026-05-10,RET
100541,374.34,2026-05-10,DEP
100541,142.88,2026-05-10,DEP
100542,238.09,2026-05-10,DEP
100542,360.59,2026-05-10,RET
100543,81.3,2026-05-10,DEP
100544,398.95,2026-05-10,RET
100544,375.44,2026-05-10,PAG
100544,221.45,2026-05-10,RET
100545,314.7,2026-05-10,DEP
100545,269.14,2026-05-10,DEP
100546,138.65,2026-05-10,RET
100547,60.85,2026-05-10,RET
100547,79.39,2026-05-10,RET
100548,21.43,2026-05-10,DEP
100549,367.06,2026-05-10,RET
100549,325.31,2026-05-10,PAG
100550,284.52,2026-05-10,PAG
100550,44.02,2026-05-10,PAG
100550,40.93,2026-05-10,PAG
100551,131.62,2026-05-10,PAG
100552,227.38,2026-05-10,PAG
100552,215.11,2026-05-10,RET
100553,303.98,2026-05-10,PAG
100554,84.37,2026-05-10,RET
100555,58.51,2026-05-10,DEP
100556,120.72,2026-05-10,PAG
100556,173.4,2026-05-10,RET
100557,153.94,2026-05-10,RET
100558,14.41,2026-05-10,DEP
100558,132.0,2026-05-10,RET
100559,245.82,2026-05-10,RET
100559,201.56,2026-05-10,RET
100560,309.48,2026-05-10,PAG
100560,26.77,2026-05-10,DEP
100560,79.29,2026-05-10,DEP
100561,126.31,2026-05-10,PAG
100562,300.4,2026-05-10,PAG
100563,219.4,2026-05-10,PAG
100563,128.89,2026-05-10,DEP
100564,216.05,2026-05-10,DEP
100564,386.87,2026-05-10,RET
100565,79.35,2026-05-10,PAG
100565,25.71,2026-05-10,PAG
100565,350.11,2026-05-10,PAG
100566,205.81,2026-05-10,DEP
100567,205.95,2026-05-10,PAG
100567,281.18,2026-05-10,DEP
100568,43.97,2026-05-10,DEP
100568,357.48,2026-05-10,PAG
100569,131.52,2026-05-10,PAG
100569,85.43,2026-05-10,DEP
100570,230.6,2026-05-10,PAG
100570,11.16,2026-05-10,RET
100571,86.38,2026-05-10,PAG
100572,50.95,2026-05-10,RET
100572,6.87,2026-05-10,DEP
100573,265.54,2026-05-10,RET
100574,393.84,2026-05-10,RET
100575,331.5,2026-05-10,RET
100575,367.45,2026-05-10,RET
100576,22.68,2026-05-10,DEP
100576,241.51,2026-05-10,PAG
100577,269.07,2026-05-10,RET
100577,273.76,2026-05-10,PAG
100578,346.18,2026-05-10,PAG
100578,127.35,2026-05-10,PAG
100579,295.97,2026-05-10,RET
100579,166.64,2026-05-10,DEP
100580,169.28,2026-05-10,RET
100580,153.97,2026-05-10,DEP
100581,327.61,2026-05-10,RET
100581,105.1,2026-05-10,DEP
100582,252.48,2026-05-10,RET
100583,21.51,2026-05-10,RET
100584,55.91,2026-05-10,PAG
100585,93.07,2026-05-10,PAG
100585,50.18,2026-05-10,DEP
100586,361.38,2026-05-10,RET
100587,31.27,2026-05-10,PAG
100588,134.31,2026-05-10,PAG
100588,106.32,2026-05-10,PAG
100589,287.43,2026-05-10,PAG
100589,162.29,2026-05-10,PAG
100590,118.14,2026-05-10,PAG
100590,108.29,2026-05-10,DEP
100591,160.99,2026-05-10,DEP
100592,380.33,2026-05-10,PAG
100592,339.35,2026-05-10,DEP
100592,55.21,2026-05-10,DEP
100593,190.24,2026-05-10,DEP
100593,49.01,2026-05-10,DEP
100594,334.07,2026-05-10,DEP
100595,38.03,2026-05-10,PAG
100596,323.53,2026-05-10,DEP
100597,177.2,2026-05-10,RET
100598,178.05,2026-05-10,DEP
100599,179.6,2026-05-10,DEP
100600,266.84,2026-05-10,PAG
100600,307.88,2026-05-10,DEP
100601,308.58,2026-05-10,PAG
100602,130.58,2026-05-10,PAG
100602,10.61,2026-05-10,DEP
100603,139.83,2026-05-10,RET
100603,369.13,2026-05-10,RET
100604,187.5,2026-05-10,PAG
100605,27.29,2026-05-10,RET
100606,65.47,2026-05-10,RET
100607,204.71,2026-05-10,DEP
100608,77.67,2026-05-10,DEP
100609,137.68,2026-05-10,PAG
100609,178.35,2026-05-10,RET
100610,32.41,2026-05-10,DEP
100610,242.66,2026-05-10,RET
100611,224.96,2026-05-10,DEP
100611,221.11,2026-05-10,RET
100612,27.4,2026-05-10,PAG
100613,30.73,2026-05-10,PAG
100613,216.04,2026-05-10,PAG
100614,289.59,2026-05-10,PAG
100615,373.46,2026-05-10,RET
100615,20.18,2026-05-10,DEP
100616,275.31,2026-05-10,DEP
100617,155.58,2026-05-10,PAG
100617,28.07,2026-05-10,RET
100618,308.63,2026-05-10,DEP
100618,343.52,2026-05-10,PAG
100619,18.9,2026-05-10,PAG
100619,34.2,2026-05-10,PAG
100620,330.48,2026-05-10,RET
100620,375.2,2026-05-10,PAG
100621,157.49,2026-05-10,PAG
100622,248.34,2026-05-10,RET
100622,364.55,2026-05-10,DEP
100623,274.74,2026-05-10,PAG
100623,103.77,2026-05-10,PAG
100624,184.72,2026-05-10,DEP
100625,184.42,2026-05-10,RET
100626,93.42,2026-05-10,RET
100627,256.65,2026-05-10,DEP
100628,385.4,2026-05-10,RET
100628,399.66,2026-05-10,DEP
100629,150.39,2026-05-10,DEP
100630,175.54,2026-05-10,RET
100631,61.87,2026-05-10,RET
100631,167.1,2026-05-10,PAG
100632,341.42,2026-05-10,RET
100632,54.38,2026-05-10,PAG
100633,144.41,2026-05-10,RET
100634,171.35,2026-05-10,RET
100635,186.93,2026-05-10,RET
100636,180.34,2026-05-10,RET
100636,188.09,2026-05-10,RET
100637,133.77,2026-05-10,RET
100638,57.58,2026-05-10,PAG
100638,86.34,2026-05-10,DEP
100639,286.47,2026-05-10,PAG
100640,81.87,2026-05-10,PAG
100641,265.43,2026-05-10,PAG
100641,148.55,2026-05-10,RET
100642,221.54,2026-05-10,RET
100643,153.05,2026-05-10,RET
100643,89.34,2026-05-10,DEP
100644,190.74,2026-05-10,PAG
100644,262.63,2026-05-10,RET
100645,362.35,2026-05-10,PAG
100646,167.79,2026-05-10,DEP
100646,90.79,2026-05-10,PAG
100647,356.52,2026-05-10,PAG
100648,156.79,2026-05-10,PAG
100648,175.55,2026-05-10,RET
100649,14.41,2026-05-10,DEP
100649,157.46,2026-05-10,PAG
100650,73.07,2026-05-10,PAG
100651,273.85,2026-05-10,DEP
100652,258.29,2026-05-10,PAG
100652,313.83,2026-05-10,DEP
100653,64.52,2026-05-10,RET
100653,190.09,2026-05-10,PAG
100654,56.57,2026-05-10,RET
100654,129.9,2026-05-10,PAG
100655,214.58,2026-05-10,PAG
100656,350.99,2026-05-10,PAG
100656,43.34,2026-05-10,DEP
100657,38.87,2026-05-10,DEP
100657,368.47,2026-05-10,DEP
100658,135.95,2026-05-10,DEP
100659,128.75,2026-05-10,RET
100659,85.19,2026-05-10,DEP
100660,383.39,2026-05-10,RET
100660,337.07,2026-05-10,RET
100660,251.18,2026-05-10,RET
100661,235.46,2026-05-10,RET
100662,192.66,2026-05-10,PAG
100663,74.21,2026-05-10,RET
100664,45.09,2026-05-10,PAG
100664,68.13,2026-05-10,DEP
100665,69.49,2026-05-10,DEP
100665,215.26,2026-05-10,PAG
100666,166.82,2026-05-10,PAG
100667,223.17,2026-05-10,RET
100668,281.45,2026-05-10,RET
100668,277.54,2026-05-10,DEP
100669,390.57,2026-05-10,PAG
100670,378.43,2026-05-10,RET
100670,43.34,2026-05-10,DEP
100670,58.56,2026-05-10,RET
100671,191.76,2026-05-10,RET
100671,72.33,2026-05-10,DEP
100672,236.54,2026-05-10,RET
100673,372.72,2026-05-10,PAG
100674,230.9,2026-05-10,RET
100675,358.13,2026-05-10,RET
100675,378.91,2026-05-10,PAG
100676,140.81,2026-05-10,RET
100677,395.19,2026-05-10,RET
100678,32.21,2026-05-10,DEP
100679,251.49,2026-05-10,PAG
100679,160.48,2026-05-10,DEP
100680,48.83,2026-05-10,PAG
100681,82.87,2026-05-10,PAG
100682,131.68,2026-05-10,PAG
100683,318.15,2026-05-10,DEP
100683,145.11,2026-05-10,RET
100684,11.3,2026-05-10,PAG
100685,170.01,2026-05-10,DEP
100686,149.26,2026-05-10,RET
100686,80.85,2026-05-10,RET
100687,392.9,2026-05-10,DEP
100688,198.4,2026-05-10,DEP
100688,25.54,2026-05-10,DEP
100689,281.7,2026-05-10,RET
100689,182.33,2026-05-10,RET
100690,138.32,2026-05-10,RET
100690,301.25,2026-05-10,PAG
100691,185.94,2026-05-10,DEP
100691,136.5,2026-05-10,DEP
100691,56.61,2026-05-10,PAG
100692,9.22,2026-05-10,PAG
100692,12.59,2026-05-10,RET
100693,83.86,2026-05-10,RET
100693,155.11,2026-05-10,DEP
100694,279.64,2026-05-10,RET
100695,280.26,2026-05-10,RET
100695,149.88,2026-05-10,PAG
100696,342.18,2026-05-10,RET
100697,165.84,2026-05-10,RET
100697,57.27,2026-05-10,RET
100697,289.05,2026-05-10,PAG
100698,81.2,2026-05-10,RET
100699,110.34,2026-05-10,RET
100699,367.92,2026-05-10,DEP
100700,323.16,2026-05-10,RET
100701,345.28,2026-05-10,DEP
100701,14.09,2026-05-10,DEP
100702,323.46,2026-05-10,DEP
100703,100.97,2026-05-10,DEP
100704,152.49,2026-05-10,DEP
100705,230.9,2026-05-10,DEP
100706,312.66,2026-05-10,DEP
100706,8.81,2026-05-10,DEP
100707,295.92,2026-05-10,RET
100707,348.71,2026-05-10,PAG
100708,32.8,2026-05-10,PAG
100708,252.32,2026-05-10,RET
100709,254.25,2026-05-10,RET
100709,315.52,2026-05-10,DEP
100710,246.96,2026-05-10,DEP
100710,283.14,2026-05-10,DEP
100711,367.61,2026-05-10,DEP
100712,78.3,2026-05-10,PAG
100712,380.8,2026-05-10,DEP
100713,176.02,2026-05-10,PAG
100714,97.06,2026-05-10,DEP
100715,288.21,2026-05-10,RET
100716,131.56,2026-05-10,PAG
100716,81.09,2026-05-10,DEP
100717,284.75,2026-05-10,RET
100717,244.16,2026-05-10,DEP
100718,190.34,2026-05-10,PAG
100719,272.08,2026-05-10,DEP
100720,179.79,2026-05-10,PAG
100721,7.49,2026-05-10,DEP
100722,389.81,2026-05-10,RET
100722,61.84,2026-05-10,PAG
100723,232.3,2026-05-10,DEP
100724,281.49,2026-05-10,PAG
100725,305.86,2026-05-10,DEP
100726,78.88,2026-05-10,RET
100727,303.73,2026-05-10,DEP
100728,69.16,2026-05-10,PAG
100729,335.24,2026-05-10,RET
100729,242.61,2026-05-10,PAG
100730,258.04,2026-05-10,DEP
100730,173.48,2026-05-10,RET
100731,295.5,2026-05-10,PAG
100732,7.76,2026-05-10,PAG
100733,104.41,2026-05-10,DEP
100734,30.54,2026-05-10,DEP
100734,200.1,2026-05-10,PAG
100735,28.86,2026-05-10,RET
100735,36.58,2026-05-10,PAG
100736,181.14,2026-05-10,PAG
100736,271.43,2026-05-10,RET
100736,237.31,2026-05-10,RET
100737,280.74,2026-05-10,PAG
100738,272.89,2026-05-10,DEP
100738,229.83,2026-05-10,PAG
100739,336.69,2026-05-10,RET
100740,146.45,2026-05-10,RET
100741,151.33,2026-05-10,RET
100741,306.55,2026-05-10,RET
100742,220.64,2026-05-10,PAG
100742,80.16,2026-05-10,PAG
100743,72.37,2026-05-10,PAG
100743,144.39,2026-05-10,RET
100744,352.59,2026-05-10,RET
100745,369.76,2026-05-10,RET
100745,188.13,2026-05-10,RET
100746,183.61,2026-05-10,DEP
100746,296.45,2026-05-10,RET
100747,170.74,2026-05-10,DEP
100748,349.98,2026-05-10,RET
100749,155.68,2026-05-10,PAG
100750,64.01,2026-05-10,RET
100751,10.51,2026-05-10,PAG
100751,362.62,2026-05-10,DEP
100752,239.21,2026-05-10,DEP
100752,90.71,2026-05-10,DEP
100752,159.56,2026-05-10,DEP
100753,112.0,2026-05-10,DEP
100753,13.56,2026-05-10,RET
100754,67.53,2026-05-10,PAG
100755,114.68,2026-05-10,DEP
100756,197.18,2026-05-10,PAG
100757,202.16,2026-05-10,RET
100757,379.2,2026-05-10,DEP
100758,197.5,2026-05-10,PAG
100759,28.61,2026-05-10,DEP
100759,31.43,2026-05-10,RET
100760,283.88,2026-05-10,PAG
100760,119.28,2026-05-10,DEP
100761,209.91,2026-05-10,RET
100761,322.43,2026-05-10,RET
100762,198.75,2026-05-10,RET
100763,254.45,2026-05-10,RET
100764,254.03,2026-05-10,PAG
100765,249.3,2026-05-10,PAG
100766,53.13,2026-05-10,DEP
100766,214.21,2026-05-10,RET
100767,291.28,2026-05-10,PAG
100767,346.32,2026-05-10,RET
100768,228.3,2026-05-10,RET
100768,29.93,2026-05-10,RET
100768,151.15,2026-05-10,DEP
100769,87.74,2026-05-10,RET
100770,276.87,2026-05-10,RET
100770,255.38,2026-05-10,RET
100771,315.79,2026-05-10,PAG
100771,139.6,2026-05-10,RET
100772,280.84,2026-05-10,DEP
100772,386.36,2026-05-10,PAG
100773,231.05,2026-05-10,DEP
100773,284.7,2026-05-10,PAG
100774,98.62,2026-05-10,DEP
100775,197.99,2026-05-10,RET
100775,356.77,2026-05-10,RET
100776,206.83,2026-05-10,DEP
100777,156.74,2026-05-10,DEP
100778,251.32,2026-05-10,DEP
100779,214.05,2026-05-10,RET
100780,243.03,2026-05-10,PAG
100781,110.07,2026-05-10,RET
100782,158.88,2026-05-10,DEP
100783,317.56,2026-05-10,RET
100783,286.2,2026-05-10,RET
100784,339.87,2026-05-10,DEP
100785,192.13,2026-05-10,DEP
100785,255.06,2026-05-10,RET
100786,145.69,2026-05-10,PAG
100787,195.61,2026-05-10,DEP
100788,314.56,2026-05-10,RET
100788,196.46,2026-05-10,RET
100789,243.88,2026-05-10,PAG
100789,84.02,2026-05-10,PAG
100790,79.34,2026-05-10,PAG
100791,244.01,2026-05-10,RET
100791,294.7,2026-05-10,PAG
100792,354.48,2026-05-10,PAG
100792,320.55,2026-05-10,RET
100792,103.05,2026-05-10,RET
100793,172.08,2026-05-10,DEP
100793,122.78,2026-05-10,DEP
100794,61.9,2026-05-10,DEP
100794,16.38,2026-05-10,PAG
100794,306.14,2026-05-10,DEP
100795,150.61,2026-05-10,DEP
100795,181.44,2026-05-10,RET
100796,224.33,2026-05-10,PAG
100796,180.44,2026-05-10,RET
100797,47.56,2026-05-10,RET
100798,185.1,2026-05-10,DEP
100798,283.99,2026-05-10,RET
100799,117.48,2026-05-10,PAG
